8 5 4 10 9 6 7 1 3 2        0.08        0.015
9 6 8 7 4 3 5 10 1 2        0.38        0.015
6 10 3 2 4 5 1 7 9 8        0.11        0.015
8 2 3 9 10 5 6 4 7 1        0.015        0.015
6 4 10 5 1 7 2 3 9 8        0.11        0.015
1 3 6 5 9 10 8 2 7 4        0.513        0.015
7 9 6 3 5 4 2 10 8 1        0.015        0.015
5 1 8 3 6 4 7 2 9 10        0.11        0.015
8 5 4 9 10 3 6 7 1 2        0.08        0.015
4 8 10 5 3 6 9 7 1 2        0.08        0.015
4 5 1 7 10 2 9 8 3 6        0.11        0.015
2 3 9 6 5 4 10 7 8 1        0.015        0.015
2 10 3 5 6 9 4 7 1 8        0.11        0.015
5 1 2 8 4 9 10 3 7 6        0.219        0.015
7 10 5 3 2 6 4 9 8 1        0.015        0.015
2 6 5 8 3 4 9 10 7 1        0.015        0.015
3 7 1 5 6 8 9 4 10 2        0.08        0.015
1 2 9 8 7 10 4 3 5 6        0.11        0.015
8 3 6 4 9 10 7 5 1 2        0.08        0.015
6 3 4 5 1 9 7 2 8 10        0.119        0.015
1 5 4 7 8 9 6 3 2 10        0.11        0.015
5 1 3 6 8 7 2 4 9 10        0.11        0.015
1 5 3 2 8 4 9 7 6 10        0.219        0.015
7 8 10 4 9 6 3 5 1 2        0.08        0.015
2 9 10 4 3 5 1 8 7 6        0.11        0.015
9 7 5 6 4 3 2 10 8 1        0.015        0.015
9 6 5 1 7 4 8 10 3 2        0.08        0.015
4 3 7 10 1 5 8 2 6 9        0.21        0.015
10 7 6 3 9 4 8 5 1 2        0.08        0.015
10 5 2 3 7 6 4 9 8 1        0.015        0.015
7 2 3 9 6 4 5 10 8 1        0.315        0.015
2 5 4 10 9 7 1 8 3 6        0.219        0.015
3 7 6 9 8 2 4 10 5 1        0.015        0.015
8 2 10 3 4 9 7 1 5 6        0.11        0.015
3 7 8 2 9 4 10 1 5 6        0.11        0.015
2 10 1 8 3 5 7 4 9 6        0.35        0.015
6 5 8 7 9 10 1 3 4 2        0.08        0.015
7 10 3 2 9 6 4 5 8 1        0.015        0.015
7 4 3 6 9 8 5 2 10 1        0.015        0.015
8 3 5 6 10 2 4 9 7 1        0.015        0.015
1 3 2 4 8 9 6 5 7 10        0.35        0.015
1 2 3 4 10 8 7 5 6 9        0.21        0.015
7 4 10 5 3 2 9 6 8 1        0.015        0.015
4 8 3 6 5 1 2 10 7 9        0.21        0.015
9 10 2 8 3 7 6 4 5 1        0.024        0.015
9 10 4 7 1 5 3 2 6 8        0.11        0.015
8 2 9 6 3 4 10 7 5 1        0.015        0.015
10 9 7 4 2 8 3 6 5 1        0.024        0.015
6 7 8 2 4 10 1 5 3 9        0.21        0.015
5 6 3 9 4 10 2 8 7 1        0.024        0.015
3 4 7 1 10 5 6 2 8 9        0.318        0.015
5 1 3 6 2 8 7 9 4 10        0.119        0.015
1 10 8 7 6 3 9 4 5 2        0.179        0.015
2 4 7 10 9 8 3 6 5 1        0.015        0.015
9 6 10 3 4 5 8 2 7 1        0.045        0.015
10 9 8 1 3 4 5 6 7 2        0.08        0.015
5 4 8 10 1 3 6 2 9 7        0.31        0.015
10 2 4 3 5 1 9 7 8 6        0.78        0.015
9 7 1 2 10 4 3 5 6 8        0.11        0.015
1 3 7 4 9 10 8 2 5 6        0.219        0.015
8 3 4 5 2 10 9 6 7 1        0.015        0.015
9 4 2 6 5 8 3 7 10 1        0.015        0.015
8 2 9 6 5 4 10 3 7 1        0.015        0.015
8 9 10 5 1 7 4 2 3 6        0.11        0.015
5 1 3 9 8 10 2 4 7 6        0.11        0.015
3 6 9 4 7 5 2 8 10 1        0.024        0.015
1 3 7 10 2 6 4 5 8 9        0.21        0.015
5 6 10 3 4 7 1 9 8 2        0.08        0.015
9 7 5 6 10 3 4 2 8 1        0.024        0.015
2 4 8 5 3 9 6 7 10 1        0.015        0.015
4 9 8 2 3 7 5 6 10 1        0.015        0.015
5 4 9 7 1 10 3 6 8 2        0.179        0.015
6 10 7 5 8 1 3 9 4 2        0.08        0.015
8 9 4 10 1 3 6 7 5 2        0.08        0.015
6 2 10 1 5 4 3 7 9 8        0.11        0.015
6 2 5 4 8 1 3 9 10 7        0.419        0.015
2 6 5 8 3 9 10 4 7 1        0.015        0.015
5 8 3 2 6 10 9 4 7 1        0.015        0.015
7 8 3 4 9 6 10 1 5 2        0.08        0.015
2 10 5 4 8 3 9 6 7 1        0.015        0.015
3 2 8 5 1 9 4 7 6 10        0.119        0.015
4 10 5 8 1 3 9 7 2 6        0.11        0.015
8 7 6 3 5 2 4 9 10 1        0.015        0.015
4 8 5 6 3 7 1 9 10 2        0.08        0.015
1 2 3 4 10 9 6 8 5 7        0.55        0.015
4 5 1 2 3 7 8 9 6 10        0.11        0.015
3 7 10 5 1 9 4 2 6 8        0.11        0.015
5 2 10 4 3 7 9 6 8 1        0.015        0.015
8 10 1 5 9 7 6 4 3 2        0.2        0.015
10 8 3 4 7 5 1 9 6 2        0.08        0.015
10 9 4 2 3 5 6 8 7 1        0.015        0.015
8 5 3 4 9 6 10 2 7 1        0.045        0.015
7 6 9 4 8 5 3 2 10 1        0.015        0.015
8 4 3 5 2 6 10 9 7 1        0.115        0.015
8 2 6 10 3 7 9 4 5 1        0.015        0.015
6 4 2 3 5 9 10 8 7 1        0.135        0.015
4 3 5 1 9 8 10 7 6 2        0.08        0.015
3 4 9 10 2 8 1 5 6 7        0.319        0.015
10 8 5 2 4 7 1 3 6 9        0.21        0.015
2 6 7 8 5 1 3 4 9 10        0.11        0.015
